archive/other_tools/pete_isoprene/lanc-ptr-ms_bukit-atur_20080420.na
35 1001
Langford, Ben
Lancaster Environment Centre, Lancaster University, Lanncaster, LA1 4YQ; email b.langford1@lancaster.ac.uk
PTR-MS VMR and flux data (located at 75 m on GAW tower)
OP3
1 1
2008 04 20  2008 05 7
       0
time (days since 1900-01-01 00:00:00 UTC+ 8:00)
       8
1.  1.  1.  1.  1.  1.  1.  1.
9999.  9999.  9999.  9999.  9999.  9999.  9999.  9999.
Isoprene_volume_mixing_ratio (ppb)
Isoprene_flux (mg m h)
Isoprene_flux_precision (mg m h)
Rejected_isoprene_fluxes (mg m h)
Monoterpene_volume_mixing_ratio (ppb)
Monoterpene_flux (mg m h)
Monoterpene_precision (mg m h)
Rejected_monoterpene_fluxes (mg m h)
       8
The data recorded in this file represent 25 min averages of the variables measured.
Rejected values are when friction velocities were below 0.15 m\s
Please email Ben Langford (b.langford1@lancaster.ac.uk) prior to use.
site_name: Bukit Atur
country: Malaysia
longitude: 117.8441694
latitude: 4.98035
height_above_sea_level: 440 m
       5
 -------------------------------------------------------------------------------------------
This file uses the NASA Ames format developed in
S. E. Gaines and R. S. Hipskind, Format Specification for Data Exchange, Version 1.3, 1998.
 -------------------------------------------------------------------------------------------
t       ISO_VMR ISO_FLX ISO_ERR ISO_REJEMONO_VMRMONO_FLXMONO_ERRMONO_REJECT
[from data line 220]
39562.58   0.822    0.04   0.035    9999   0.284  -0.059   0.026    9999
 39562.6   0.872   0.086   0.059    9999   0.336  -0.066   0.052    9999
39562.63   1.944    9999    9999    9999   0.463  -0.087   0.043    9999
39562.65   1.345   0.223   0.056    9999   0.433   0.248   0.045    9999
39562.67   1.791    0.28   0.065    9999   0.653   0.119   0.061    9999
39562.69   1.131   0.063   0.062    9999   0.319  -0.145   0.046    9999
39562.71   1.806    9999    9999    9999   0.331    9999    9999    9999
39562.73   1.865    9999    9999    9999   0.366  -0.086   0.044    9999
39562.75   1.544    9999    9999    9999   0.322   0.087    0.06    9999
39562.77   1.354   0.032   0.021    9999   0.255    9999    9999    9999
39562.79   1.238    9999    9999   0.111   0.376    9999    9999  -0.067
39562.81   1.297   0.065   0.039    9999   0.309   0.049   0.026    9999
39562.83   1.638  -0.049   0.024    9999   0.281    9999    9999    9999
39562.85   1.497    9999    9999  -0.113   0.252    9999    9999   0.043
39562.88   1.878    9999    9999  -0.064   0.255    9999    9999  -0.058
 39562.9   2.013   0.048   0.044    9999   0.232    9999    9999    9999
39562.92   2.034    9999    9999  -0.024   0.217    9999    9999   0.013
39562.94   1.855  -0.049   0.018    9999   0.217  -0.008   0.007    9999
39562.96   1.685  -0.039   0.032    9999   0.177  -0.027   0.022    9999
39562.98   1.371   0.085   0.068    9999   0.177    9999    9999    9999
   39563   1.028   0.062    0.04    9999   0.252    9999    9999    9999
39563.02   0.926    9999    9999    9999   0.251    9999    9999    9999
39563.04   1.124   0.093    0.05    9999   0.105   0.069   0.035    9999
39563.06   0.933    9999    9999   0.039    0.09    9999    9999   0.017
39563.08   0.793    9999    9999   0.009   0.073    9999    9999  -0.012
 39563.1   0.715   -0.01   0.004    9999   0.052  -0.007   0.003    9999
39563.13   0.764   0.015   0.012    9999   0.155   0.022    0.01    9999
39563.15   0.591   0.007   0.006    9999   0.124    0.01   0.005    9999
39563.17   0.561   0.043    0.01    9999    0.17    9999    9999    9999
39563.19   0.458    9999    9999  -0.005   0.147    9999    9999   0.005
39563.21   0.558    9999    9999    9999   0.301    9999    9999    9999
39563.23   0.495    9999    9999   0.046    0.26    9999    9999  -0.073
39563.25   0.502    9999    9999    0.01   0.149    9999    9999   0.032
39563.27    0.35    9999    9999  -0.024   0.126    9999    9999  -0.007
39563.29   0.155  -0.014   0.004    9999   0.171  -0.007   0.005    9999
39563.31   0.138    9999    9999  -0.012   0.156    9999    9999   -0.01
39563.33   0.587   0.013   0.007    9999    0.13  -0.022   0.008    9999
39563.35    9999    9999    9999    9999    9999    9999    9999    9999
39563.38   1.896   0.346   0.164    9999   0.596    9999    9999    9999
 39563.4   1.146    0.15   0.043    9999   0.458   0.121    0.03    9999
39563.42   1.353    0.19   0.083    9999   0.326  -0.043   0.029    9999
39563.44   1.793   0.213   0.108    9999    0.45    0.17    0.04    9999
39563.46   1.295   0.229   0.092    9999   0.395   0.153   0.055    9999
39563.48   1.295   0.668   0.078    9999   0.305   0.201    0.06    9999
 39563.5    2.26   2.318   0.283    9999   0.324    0.39   0.096    9999
39563.52   2.293   3.098   0.254    9999   0.384   0.361   0.132    9999
39563.54   1.967   2.656   0.232    9999    0.49   0.721   0.072    9999
39563.56   1.651   1.487   0.325    9999   0.406   0.316   0.168    9999
39563.58   1.763   0.827   0.227    9999   0.392   0.405   0.172    9999
 39563.6    1.31    9999    9999    9999   0.206   0.199   0.128    9999
39563.63   1.043    9999    9999    9999   0.278    0.16   0.092    9999
39563.65   1.266    9999    9999    9999   0.247  -0.169   0.148    9999
39563.67   1.595    9999    9999  -0.268   0.278    9999    9999    0.08
39563.69   1.573  -0.809   0.172    9999    0.27    9999    9999    9999
39563.71   2.188  -0.227   0.108    9999   0.294    9999    9999    9999
39563.73   1.358  -0.165   0.097    9999   0.254    9999    9999    9999
39563.75   1.595    0.09   0.057    9999   0.258  -0.043   0.031    9999
39563.77   1.383    9999    9999    9999   0.237    9999    9999    9999
39563.79   1.304    9999    9999   0.023   0.243    9999    9999   -0.02
39563.81   1.441    9999    9999    9999    0.24    9999    9999    9999
39563.83   1.169  -0.074   0.052    9999   0.243    9999    9999    9999
39563.85   1.106    9999    9999    9999   0.224   0.018   0.018    9999
39563.88    0.97    9999    9999  -0.053   0.242    9999    9999   0.036
 39563.9   0.967   0.064   0.039    9999   0.226  -0.047   0.026    9999
39563.92   1.008  -0.207   0.088    9999   0.241   -0.15   0.084    9999
39563.94   0.696    9999    9999    9999   0.204    0.07   0.059    9999
39563.96   0.578    9999    9999    9999   0.216    9999    9999    9999
39563.98   0.375    9999    9999    9999   0.201   0.105   0.078    9999
   39564   0.624    9999    9999    9999    9999    9999    9999    9999
39564.02    9999    9999    9999    9999    9999    9999    9999       0
39564.04    9999    9999    9999    9999    9999    9999    9999    9999
39564.06    9999    9999    9999    9999    9999    9999    9999    9999
39564.08    9999    9999    9999    9999    9999    9999    9999    9999
 39564.1    9999    9999    9999    9999    9999    9999    9999    9999
39564.13    9999    9999    9999    9999    9999    9999    9999    9999
39564.15    9999    9999    9999    9999    9999    9999    9999    9999
39564.17    9999    9999    9999    9999    9999    9999    9999    9999
39564.19    9999    9999    9999    9999    9999    9999    9999    9999
39564.21    9999    9999    9999    9999    9999    9999    9999    9999
39564.23    9999    9999    9999    9999    9999    9999    9999    9999
39564.25    9999    9999    9999    9999    9999    9999    9999    9999
39564.27    9999    9999    9999    9999    9999    9999    9999       0
39564.29    9999    9999    9999    9999    9999    9999    9999       0
39564.31    9999    9999    9999    9999    9999    9999    9999       0
39564.33    9999    9999    9999    9999    9999    9999    9999       0
39564.35    9999    9999    9999    9999    9999    9999    9999  49.049
39564.38   0.745    9999    9999   0.194   0.104    9999    9999   0.112
 39564.4   1.335   1.248   0.088    9999   0.195   0.384   0.041    9999
39564.42   1.484   0.531   0.121    9999   0.565   0.102   0.066    9999
39564.44   0.484   0.154    0.07    9999   0.353    9999    9999    9999
39564.46   1.343   1.155    0.08    9999   0.517   0.674    0.08    9999
39564.48   1.216   0.731   0.137    9999   0.374   0.317   0.067    9999
 39564.5   1.439   0.441   0.076    9999   0.633   0.227   0.087    9999
39564.52   2.477   2.704   0.234    9999   0.712   0.587   0.088    9999
39564.54   3.329   1.191   0.327    9999   0.708   0.312   0.104    9999
39564.56   2.936   1.269   0.235    9999     0.6    0.32    0.14    9999
39564.58   3.388   1.048   0.108    9999   0.358   0.176   0.063    9999
 39564.6   3.434   1.308   0.297    9999   0.409   0.163   0.097    9999
39564.63   2.933   0.468   0.097    9999   0.315   0.222   0.081    9999
39564.65   3.194    9999    9999    9999   0.183  -0.054   0.047    9999
39564.67   4.156    9999    9999    9999   0.392    9999    9999    9999
39564.69   4.023   0.107   0.098    9999    0.36    9999    9999    9999
39564.71   3.728    9999    9999   0.175   0.293    9999    9999   0.085
39564.73   3.407  -0.052   0.034    9999   0.337  -0.019   0.015    9999
39564.75   3.402  -0.199   0.124    9999   0.317   0.032   0.031    9999
39564.77   3.134  -0.186   0.135    9999   0.266  -0.039   0.026    9999
39564.79   3.123  -0.082   0.046    9999   0.292    9999    9999    9999
39564.81   3.345    9999    9999  -0.065   0.217    9999    9999   0.027
39564.83   3.026    9999    9999   0.048   0.286    9999    9999  -0.039
39564.85   3.307   0.055   0.034    9999   0.302    9999    9999    9999
39564.88   3.057    9999    9999    9999   0.235   -0.03    0.01    9999
 39564.9   2.624    9999    9999    9999   0.216    9999    9999    9999
39564.92   2.427    9999    9999  -0.106    0.24    9999    9999   0.072
39564.94   2.417    9999    9999  -0.032   0.212    9999    9999   -0.01
39564.96   2.269    9999    9999  -0.079   0.188    9999    9999  -0.034
39564.98   2.502  -0.091   0.034    9999   0.172    9999    9999    9999
   39565   1.414   -0.09   0.042    9999   0.234   0.054    0.02    9999
39565.02   0.904    9999    9999   0.044    0.22    9999    9999   0.016
39565.04   1.197    9999    9999   0.106   0.264    9999    9999   0.025
39565.06   0.961    9999    9999    9999   0.248   0.042   0.022    9999
39565.08   0.767    9999    9999    0.05   0.242    9999    9999  -0.016
 39565.1    0.62    9999    9999  -0.027   0.216    9999    9999  -0.031
39565.13   0.591    9999    9999    9999   0.186    9999    9999    9999
39565.15   0.593    9999    9999  -0.055   0.151    9999    9999   -0.05
39565.17   0.484    9999    9999    9999    0.17    9999    9999    9999
39565.19   0.438    9999    9999  -0.029   0.151    9999    9999   0.018
39565.21   0.546    9999    9999  -0.016   0.141    9999    9999   0.021
39565.23   0.547    9999    9999   0.013   0.136    9999    9999   0.016
39565.25   0.736    9999    9999  -0.046   0.126    9999    9999  -0.044
39565.27   1.034    9999    9999  -0.132   0.134    9999    9999   0.067
39565.29   1.204   0.175   0.074    9999   0.223   0.186   0.065    9999
39565.31   1.405   0.376   0.093    9999   0.209   0.291   0.058    9999
39565.33   0.758    9999    9999    9999   0.265    9999    9999    9999
39565.35   0.913   0.748    0.09    9999    0.32   0.353   0.043    9999
39565.38   0.926    9999    9999   0.059   0.154    9999    9999   0.075
 39565.4   0.829    9999    9999    9999   0.102   0.058   0.042    9999
39565.42   1.074    0.87   0.115    9999   0.271   0.406   0.054    9999
39565.44   1.182   0.281   0.127    9999   0.264   0.224   0.061    9999
39565.46   1.833    9999    9999    9999   0.571  -0.176   0.103    9999
39565.48   1.748   1.084   0.122    9999   0.537  -0.143   0.083    9999
 39565.5   2.328   2.334   0.201    9999    0.63   0.614   0.071    9999
39565.52   2.092   1.341    0.17    9999   0.503   0.209   0.054    9999
39565.54   2.558    0.71   0.142    9999   0.488   0.262   0.128    9999
39565.56   2.359    0.71   0.095    9999    0.62   0.128   0.053    9999
39565.58   3.453   1.124   0.236    9999   0.633   0.508   0.154    9999
 39565.6   3.605    9999    9999    0.54   0.506    9999    9999   0.286
39565.63   4.259   0.785   0.172    9999   0.465    0.09   0.027    9999
39565.65   4.715   0.887   0.181    9999   0.559   0.288    0.11    9999
39565.67   3.454    0.84   0.257    9999   0.547   0.369   0.101    9999
39565.69     1.8    9999    9999   0.168   0.288    9999    9999   0.147
39565.71   2.028    9999    9999    9999   0.455    9999    9999    9999
39565.73   1.706    9999    9999    9999   0.378    9999    9999    9999
39565.75   1.337   0.154   0.107    9999     0.3    9999    9999    9999
39565.77   1.157    9999    9999    9999   0.249    9999    9999    9999
39565.79    1.03    9999    9999    9999   0.123    9999    9999    9999
39565.81   1.033    9999    9999    9999   0.113    9999    9999    9999
39565.83   1.324    9999    9999    9999   0.208    9999    9999    9999
39565.85   1.191    9999    9999    9999   0.163    9999    9999    9999
39565.88   0.507  -0.059   0.042    9999   0.298   0.037   0.032    9999
 39565.9   1.458    9999    9999   -0.24    9999    9999    9999  -0.728
39565.92   4.472   0.191   0.113    9999    9999    9999    9999    9999
39565.94   2.398   2.032   0.057    9999    9999    9999   0.059    9999
39565.96    1.22    9999    9999    9999   0.435    9999    9999    9999
39565.98   0.851   0.028   0.023    9999   0.327   0.021   0.019    9999
   39566   0.814    9999    9999  -0.034   0.303    9999    9999  -0.014
39566.02   0.765  -0.029   0.016    9999     0.3  -0.022   0.011    9999
39566.04   0.698    9999    9999   0.012    0.28    9999    9999   0.031
39566.06   0.585    9999    9999   0.071   0.251    9999    9999   0.029
39566.08   0.587    9999    9999  -0.034   0.265    9999    9999   0.039
 39566.1   0.616  -0.094   0.033    9999   0.245    9999    9999    9999
39566.13   0.414    9999    9999  -0.048   0.314    9999    9999   0.031
39566.15   0.317    9999    9999    9999   0.266  -0.028   0.022    9999
39566.17   0.481    9999    9999   -0.07   0.181    9999    9999  -0.054
39566.19    9999    9999    9999    9999   0.166    9999    9999   0.053
39566.21    9999    9999    9999    9999    9999    9999    9999    9999
39566.23    9999    9999    9999    9999    9999    9999    9999    9999
39566.25    9999    9999    9999    9999    9999    9999    9999    9999
39566.27    9999    9999    9999    9999    9999    9999    9999    9999
39566.29    9999    9999    9999    9999    9999    9999    9999    9999
39566.31    9999    9999    9999    9999    9999    9999    9999    9999
39566.33    9999    9999    9999    9999    9999    9999    9999    9999
39566.35    9999    9999    9999    9999    9999    9999    9999       0
39566.38    9999    9999    9999    9999    9999    9999    9999       0
 39566.4    9999    9999    9999    9999   0.348    9999    9999    9999
39566.42   1.306   0.978   0.144    9999    0.42   0.268   0.115    9999
39566.44   1.351    9999    9999   1.017   0.445    9999    9999   0.164
39566.46   1.248   0.685   0.232    9999   0.438   0.146   0.082    9999
39566.48   1.548   1.132   0.257    9999   0.491   0.143   0.063    9999
 39566.5   1.485   0.837   0.165    9999   0.426   0.112   0.084    9999
39566.52   1.195   1.205   0.101    9999   0.325   0.223   0.032    9999
39566.54   1.277    9999    9999   1.278   0.243    9999    9999    0.33
39566.56   1.901   0.701   0.153    9999   0.358   0.298   0.063    9999
39566.58   2.186   1.256    0.17    9999   0.565   0.194   0.074    9999
 39566.6    2.09    9999    9999   0.682   0.544    9999    9999   0.252
39566.63   1.828    9999    9999   0.375   0.446    9999    9999   0.052
39566.65   2.048    9999    9999   0.101   0.434    9999    9999   0.199
39566.67   1.978    9999    9999   0.084    0.43    9999    9999   0.034
39566.69   1.892   0.241   0.084    9999   0.477    9999    9999    9999
39566.71   1.174  -0.163   0.129    9999   0.384  -0.099   0.096    9999
39566.73    0.85    9999    9999    9999    0.32    9999    9999    9999
39566.75   0.752   0.172   0.137    9999   0.251    9999    9999    9999
39566.77     0.5    9999    9999    9999   0.193    9999    9999    9999
39566.79    0.38    9999    9999    9999   0.121    9999    9999    9999
39566.81   0.366    9999    9999    9999   0.107    9999    9999    9999
39566.83   0.567  -0.208    0.12    9999   0.049    9999    9999    9999
39566.85   0.639    9999    9999    9999   0.061    9999    9999    9999
39566.88   0.647  -0.092   0.078    9999   0.155    9999    9999    9999
 39566.9   0.557    9999    9999    9999   0.131    9999    9999    9999
39566.92   0.407    9999    9999    9999   0.178    9999    9999    9999
39566.94   0.314    9999    9999    9999   0.163    9999    9999    9999
39566.96   0.472    9999    9999    9999   0.086    9999    9999    9999
39566.98   0.444    9999    9999    9999   0.072    9999    9999    9999
   39567   0.248    9999    9999    9999    0.16   0.068   0.058    9999
39567.02   0.197    9999    9999    9999   0.156    9999    9999    9999
39567.04   0.389    9999    9999    9999    0.23   0.061   0.058    9999
39567.06   0.334    9999    9999    9999   0.206    9999    9999    9999
39567.08   0.353    9999    9999    9999   0.111   0.086   0.074    9999
 39567.1   0.333    9999    9999    9999   0.103    9999    9999    9999
