archive/other_tools/pete_isoprene/lanc-ptr-ms_bukit-atur_20080420.na
35 1001
Langford, Ben
Lancaster Environment Centre, Lancaster University, Lanncaster, LA1 4YQ; email b.langford1@lancaster.ac.uk
PTR-MS VMR and flux data (located at 75 m on GAW tower)
OP3
1 1
2008 04 20  2008 05 7
       0
time (days since 1900-01-01 00:00:00 UTC+ 8:00)
       8
1.  1.  1.  1.  1.  1.  1.  1.
9999.  9999.  9999.  9999.  9999.  9999.  9999.  9999.
Isoprene_volume_mixing_ratio (ppb)
Isoprene_flux (mg m h)
Isoprene_flux_precision (mg m h)
Rejected_isoprene_fluxes (mg m h)
Monoterpene_volume_mixing_ratio (ppb)
Monoterpene_flux (mg m h)
Monoterpene_precision (mg m h)
Rejected_monoterpene_fluxes (mg m h)
       8
The data recorded in this file represent 25 min averages of the variables measured.
Rejected values are when friction velocities were below 0.15 m\s
Please email Ben Langford (b.langford1@lancaster.ac.uk) prior to use.
site_name: Bukit Atur
country: Malaysia
longitude: 117.8441694
latitude: 4.98035
height_above_sea_level: 440 m
       5
 -------------------------------------------------------------------------------------------
This file uses the NASA Ames format developed in
S. E. Gaines and R. S. Hipskind, Format Specification for Data Exchange, Version 1.3, 1998.
 -------------------------------------------------------------------------------------------
t       ISO_VMR ISO_FLX ISO_ERR ISO_REJEMONO_VMRMONO_FLXMONO_ERRMONO_REJECT
   39558   2.042    9999    9999    9999   0.322    9999    9999    9999
39558.02    9999    9999    9999    9999    9999    9999    9999    9999
39558.04    9999    9999    9999    9999    9999    9999    9999    9999
39558.06    9999    9999    9999    9999    9999    9999    9999    9999
39558.08    9999    9999    9999    9999    9999    9999    9999    9999
 39558.1    9999    9999    9999    9999    9999    9999    9999    9999
39558.13    9999    9999    9999    9999    9999    9999    9999    9999
39558.15    9999    9999    9999    9999    9999    9999    9999    9999
39558.17    9999    9999    9999    9999    9999    9999    9999    9999
39558.19    9999    9999    9999    9999    9999    9999    9999    9999
39558.21    9999    9999    9999    9999    9999    9999    9999    9999
39558.23    9999    9999    9999    9999    9999    9999    9999    9999
39558.25    9999    9999    9999    9999    9999    9999    9999    9999
39558.27    9999    9999    9999    9999    9999    9999    9999    9999
39558.29    9999    9999    9999    9999    9999    9999    9999    9999
39558.31    9999    9999    9999    9999    9999    9999    9999    9999
39558.33    9999    9999    9999    9999    9999    9999    9999    9999
39558.35     0.9    9999    9999    0.13    0.18    9999    9999   0.067
39558.38   1.393    9999    9999   0.247   0.579    9999    9999  -0.089
 39558.4   1.446    9999    9999  -0.363   0.599    9999    9999  -0.305
39558.42   1.153    9999    9999    0.04   0.351    9999    9999    0.06
39558.44   1.159   1.875   0.127    9999   0.294   0.514   0.171    9999
39558.46   1.782   2.898   0.175    9999   0.404   0.625   0.105    9999
39558.48   2.399   3.993   0.361    9999   0.548   0.617   0.119    9999
 39558.5   2.288   2.806   0.278    9999   0.605   0.698   0.212    9999
39558.52   2.431   3.652   0.326    9999   0.601   0.817   0.094    9999
39558.54   2.475   3.829   0.667    9999   0.605   0.702   0.186    9999
39558.56   2.214   1.149   0.235    9999    0.48   0.445   0.122    9999
39558.58   2.056    2.06   0.412    9999   0.416   0.294   0.112    9999
 39558.6   1.894   1.724   0.482    9999   0.417   0.373   0.141    9999
39558.63   2.338   0.513   0.166    9999   0.298   0.215   0.138    9999
39558.65   2.885   0.341   0.077    9999   0.249   0.065   0.032    9999
39558.67   4.141   0.145   0.117    9999   0.429    9999    9999    9999
39558.69   4.016    0.48   0.192    9999   0.306    9999    9999    9999
39558.71   3.833  -0.162    0.13    9999   0.076   0.087   0.062    9999
39558.73   3.626    9999    9999    9999   0.056    0.07   0.055    9999
39558.75   3.553    9999    9999    9999    0.13  -0.091   0.052    9999
39558.77   3.214  -0.102   0.042    9999   0.112    9999    9999    9999
39558.79   3.383  -0.096   0.042    9999   0.158  -0.055    0.03    9999
39558.81   3.321   0.136   0.067    9999   0.114    9999    9999    9999
39558.83   3.373    9999    9999  -0.118   0.192    9999    9999  -0.043
39558.85   3.014    9999    9999  -0.062   0.149    9999    9999   0.067
39558.88   3.156   0.091   0.034    9999   0.239    9999    9999    9999
 39558.9   2.935  -0.062   0.049    9999   0.206    9999    9999    9999
39558.92   2.357    9999    9999    9999    0.13   0.027   0.026    9999
39558.94   1.935    9999    9999   0.085   0.078    9999    9999  -0.052
39558.96   1.887    9999    9999    9999   0.389    9999    9999    9999
39558.98   1.444    9999    9999   0.026   0.362    9999    9999  -0.018
   39559   1.293    9999    9999    9999   0.288  -0.014   0.011    9999
39559.02   0.571  -0.015   0.004    9999   0.273   0.011   0.005    9999
39559.04   1.123    9999    9999   0.015   0.227    9999    9999  -0.012
39559.06   1.089    9999    9999  -0.142     0.2    9999    9999    0.02
39559.08   1.015    9999    9999  -0.087   0.223    9999    9999  -0.035
 39559.1   0.675    9999    9999    9999   0.216  -0.047   0.032    9999
39559.13   0.558   0.082   0.049    9999   0.148    9999    9999    9999
39559.15   0.674    9999    9999    9999   0.136    9999    9999    9999
39559.17   0.393  -0.034   0.018    9999   0.239   0.026   0.019    9999
39559.19    0.26    9999    9999  -0.027   0.229    9999    9999  -0.023
39559.21   1.114    9999    9999   0.052   0.289    9999    9999  -0.028
39559.23   0.985    9999    9999  -0.025   0.282    9999    9999   0.032
39559.25   0.788    0.04   0.035    9999    0.35    9999    9999    9999
39559.27   0.729  -0.015   0.012    9999   0.355  -0.024   0.012    9999
39559.29   0.442  -0.027   0.021    9999   0.157   0.014   0.014    9999
39559.31   0.371    9999    9999   0.027   0.154    9999    9999  -0.056
39559.33   0.561  -0.054   0.042    9999   0.035  -0.018   0.017    9999
39559.35   0.641   0.099   0.034    9999   0.056   0.124   0.035    9999
39559.38   1.184    1.23   0.059    9999   0.439   0.332   0.047    9999
 39559.4    1.34   1.465   0.147    9999   0.431   0.455   0.101    9999
39559.42    1.42   0.455   0.083    9999   0.394    9999    9999    9999
39559.44   1.379   0.472   0.067    9999   0.412   0.257   0.055    9999
39559.46   1.498   0.676   0.134    9999   0.367   0.308   0.043    9999
39559.48   1.245   0.227   0.076    9999   0.214    9999    9999    9999
 39559.5   1.471    0.69   0.079    9999   0.149   0.325   0.046    9999
39559.52   1.096    9999    9999   0.283   0.141    9999    9999   0.149
39559.54   1.727   0.642   0.053    9999   0.464   0.265   0.037    9999
39559.56   1.711  -0.128   0.072    9999   0.625    9999    9999    9999
39559.58   1.681   0.334   0.221    9999     0.5   0.664   0.162    9999
 39559.6    1.03   0.082   0.057    9999   0.221  -0.121   0.101    9999
39559.63   1.509    9999    9999    9999    0.14    9999    9999    9999
39559.65   1.301    9999    9999    9999   0.114    9999    9999    9999
39559.67   1.167  -0.659    0.17    9999   0.214    9999    9999    9999
39559.69   0.993   0.089   0.036    9999    0.19  -0.055   0.039    9999
39559.71   0.933    9999    9999    9999   0.325   0.061   0.033    9999
39559.73   0.938   0.022    0.01    9999   0.328   0.017    0.01    9999
39559.75   1.295    9999    9999    9999    0.26   0.012   0.005    9999
39559.77   1.146   0.026   0.014    9999   0.247    9999    9999    9999
39559.79   0.928    9999    9999  -0.059   0.232    9999    9999  -0.046
39559.81   0.789   0.055   0.024    9999   0.176  -0.024   0.015    9999
39559.83   0.938  -0.038   0.031    9999   0.376   0.034   0.023    9999
39559.85   0.912    9999    9999    9999   0.393    9999    9999    9999
39559.88   0.843   0.048    0.02    9999   0.338    9999    9999    9999
 39559.9   0.731   0.043   0.029    9999   0.293  -0.038   0.022    9999
39559.92   0.754   0.019   0.015    9999   0.223  -0.025   0.011    9999
39559.94   0.723  -0.022   0.021    9999   0.193   0.036   0.023    9999
39559.96   0.837  -0.018   0.018    9999   0.201   -0.04   0.017    9999
39559.98   0.767    9999    9999    9999   0.159    9999    9999    9999
   39560    0.86    9999    9999   0.066    0.25    9999    9999  -0.077
39560.02   0.839    9999    9999    9999   0.224    9999    9999    9999
39560.04   1.016    9999    9999    9999   0.249    9999    9999    9999
39560.06   0.965    9999    9999   0.059   0.232    9999    9999   0.016
39560.08   0.911    9999    9999  -0.052   0.164    9999    9999   0.056
 39560.1   0.907    9999    9999  -0.058   0.132    9999    9999  -0.044
39560.13   1.087    9999    9999   -0.02   0.178    9999    9999   0.017
39560.15   0.997  -0.021   0.011    9999   0.135  -0.019   0.006    9999
39560.17   0.836    9999    9999   0.064    0.14    9999    9999  -0.077
39560.19   0.653    9999    9999   -0.05   0.094    9999    9999   0.036
39560.21   1.046    9999    9999    9999    0.24  -0.019   0.017    9999
39560.23    0.96   0.039   0.031    9999   0.225    9999    9999    9999
39560.25   0.811    9999    9999   0.024   0.247    9999    9999   0.014
39560.27   0.736    9999    9999    9999   0.261  -0.024   0.016    9999
39560.29   0.957    9999    9999  -0.046   0.126    9999    9999  -0.033
39560.31   0.813    9999    9999  -0.059   0.106    9999    9999   0.023
39560.33   0.655    9999    9999  -0.052   0.119    9999    9999  -0.045
39560.35   0.489    9999    9999    9999   0.117    9999    9999    9999
39560.38   1.642   0.364   0.202    9999   0.364   0.159   0.068    9999
 39560.4   1.654   1.135   0.141    9999   0.536   0.212    0.11    9999
39560.42   1.195   0.849   0.255    9999   0.435    0.22    0.13    9999
39560.44   1.292   0.646   0.238    9999   0.415   0.418   0.177    9999
39560.46   1.537   0.411   0.197    9999   0.518   0.239   0.159    9999
39560.48   1.299   0.741   0.313    9999   0.499   0.214   0.194    9999
 39560.5   0.777    9999    9999    9999   0.345    9999    9999    9999
39560.52   0.581    9999    9999    9999   0.305  -0.218   0.177    9999
39560.54   1.042   0.143   0.118    9999   0.236   0.148   0.089    9999
39560.56    1.09   0.238    0.09    9999   0.244   0.104   0.089    9999
39560.58   1.066   0.624   0.094    9999   0.458   0.301   0.095    9999
 39560.6   1.055   0.409    0.15    9999   0.433   0.226   0.083    9999
39560.63     1.1   0.394   0.077    9999   0.467   0.117   0.117    9999
39560.65   0.903   0.151   0.101    9999   0.372    9999    9999    9999
39560.67   0.945    9999    9999   0.069   0.444    9999    9999   0.063
39560.69   0.957   0.083   0.049    9999   0.402  -0.076   0.031    9999
39560.71   0.663    9999    9999    9999   0.337    9999    9999    9999
39560.73   0.466    9999    9999    9999   0.297    9999    9999    9999
39560.75   0.772    9999    9999   0.061   0.284    9999    9999    0.03
39560.77   0.726    9999    9999   0.039    0.26    9999    9999   0.034
39560.79   0.834    9999    9999   0.032   0.215    9999    9999   0.025
39560.81   0.663    9999    9999   0.031   0.177    9999    9999    0.03
39560.83   0.731    9999    9999   0.032    0.04    9999    9999  -0.042
39560.85   0.487   0.014   0.013    9999  -0.009    9999    9999    9999
39560.88   0.508    9999    9999  -0.033    0.11    9999    9999   0.018
 39560.9     0.3    9999    9999    9999   0.069    9999    9999    9999
39560.92   0.544    9999    9999    9999   0.196    9999    9999    9999
39560.94   0.572    9999    9999    9999   0.202    9999    9999    9999
39560.96   0.465    9999    9999    9999   0.217    9999    9999    9999
39560.98   0.384  -0.024   0.022    9999   0.202    9999    9999    9999
   39561   0.712    9999    9999    9999   0.318    9999    9999    9999
39561.02    0.58    9999    9999    9999   0.287    9999    9999    9999
39561.04   0.746    9999    9999    9999   0.159   0.037   0.023    9999
39561.06   0.604    9999    9999    9999   0.153    9999    9999    9999
39561.08    0.21    9999    9999    9999   0.235  -0.027   0.015    9999
 39561.1    0.16    9999    9999  -0.007   0.211    9999    9999   0.006
39561.13   0.553    9999    9999  -0.026   0.097    9999    9999   0.054
39561.15   0.517    9999    9999   0.023   0.071    9999    9999   0.013
39561.17   0.459    9999    9999    9999   0.089  -0.012   0.006    9999
39561.19   0.595    9999    9999   0.056   0.076    9999    9999   0.012
39561.21   0.623    9999    9999    9999   0.245    9999    9999    9999
39561.23   0.622  -0.013   0.006    9999    0.25    0.01   0.005    9999
39561.25   0.796    9999    9999   0.017   0.292    9999    9999  -0.022
39561.27   0.685  -0.015    0.01    9999    0.27  -0.019   0.008    9999
39561.29   0.423    9999    9999  -0.045   0.061    9999    9999    0.03
39561.31   0.393   -0.02   0.014    9999   0.019    9999    9999    9999
39561.33   0.418    9999    9999  -0.029   0.002    9999    9999   0.047
39561.35   0.547    9999    9999   0.097   0.029    9999    9999   0.046
39561.38   1.209   0.237   0.083    9999   0.479   0.364   0.115    9999
 39561.4   1.423   1.668   0.123    9999   0.541   0.328   0.054    9999
39561.42   1.575   0.825   0.147    9999   0.448   0.248   0.059    9999
39561.44   2.077   2.445   0.252    9999   0.571   0.675   0.122    9999
39561.46   1.867   1.344   0.192    9999   0.646   0.538   0.113    9999
39561.48   1.162   0.573   0.104    9999   0.712     0.1   0.094    9999
 39561.5   1.485   0.402   0.119    9999    0.59   0.165   0.088    9999
39561.52   1.376   0.368   0.098    9999   0.477   0.117   0.049    9999
39561.54   1.308   0.429   0.124    9999   0.555   0.366   0.068    9999
39561.56   1.497   1.259    0.29    9999   0.503   0.413    0.11    9999
39561.58   2.276   0.584   0.138    9999   0.539   -0.11   0.098    9999
 39561.6   1.637  -0.403   0.271    9999   0.164    9999    9999    9999
39561.63   1.436   0.189   0.111    9999   0.225  -0.117   0.114    9999
39561.65   1.376  -0.101   0.066    9999   0.142  -0.045   0.039    9999
39561.67   1.485   0.143   0.041    9999    0.14  -0.036    0.03    9999
39561.69   1.123   0.093   0.054    9999   0.106    9999    9999    9999
39561.71   0.657    9999    9999    9999   0.089    9999    9999    9999
39561.73   0.484    9999    9999    9999   0.056    9999    9999    9999
39561.75   0.354    9999    9999    9999   0.086   0.051   0.039    9999
39561.77   0.315    9999    9999    9999   0.099    9999    9999    9999
39561.79   0.623    9999    9999    9999   0.152    9999    9999    9999
39561.81   0.632    9999    9999    9999   0.139    9999    9999    9999
39561.83   0.535    9999    9999    9999   0.188    9999    9999    9999
39561.85   0.562    9999    9999    9999   0.185  -0.064   0.044    9999
39561.88   0.678    9999    9999    9999   0.214    9999    9999    9999
 39561.9   0.592    9999    9999    9999   0.195    9999    9999    9999
39561.92   0.585    9999    9999   0.104  -0.068    9999    9999  -0.082
39561.94   0.469    9999    9999    9999  -0.089    9999    9999    9999
39561.96   0.229    9999    9999   0.085  -0.035    9999    9999  -0.075
39561.98   0.168    9999    9999    9999  -0.055    9999    9999    9999
   39562   0.405    9999    9999    9999    0.17  -0.036   0.034    9999
39562.02    0.36    9999    9999    9999    0.18    9999    9999    9999
39562.04   0.162    9999    9999    9999   0.242    9999    9999    9999
39562.06   0.105    9999    9999   0.027   0.222    9999    9999  -0.031
39562.08    0.34    9999    9999    9999   0.171    9999    9999    9999
 39562.1   0.312    9999    9999   0.031   0.152    9999    9999  -0.025
39562.13   0.334    9999    9999  -0.011   0.013    9999    9999   0.013
39562.15   0.282    9999    9999  -0.007   0.015    9999    9999   0.023
39562.17    0.24    9999    9999    0.01   0.109    9999    9999  -0.015
39562.19   0.264   0.014   0.006    9999   0.099   0.009   0.006    9999
39562.21   0.422   -0.03    0.02    9999   0.044    9999    9999    9999
39562.23   0.334  -0.012   0.006    9999   0.055  -0.014   0.008    9999
39562.25   0.315  -0.016   0.007    9999   0.023   0.026   0.008    9999
39562.27   0.357    9999    9999    9999   0.044    9999    9999    9999
39562.29   0.368    9999    9999  -0.029  -0.033    9999    9999  -0.019
39562.31   0.374    9999    9999   0.045  -0.031    9999    9999   0.044
39562.33   0.502   0.063   0.021    9999    0.14   0.025    0.02    9999
39562.35   1.919  -0.562   0.085    9999   0.558  -0.155   0.068    9999
39562.38   1.161   1.526   0.122    9999   0.269   0.314   0.089    9999
 39562.4   1.142   2.401   0.176    9999   0.295   0.438   0.108    9999
39562.42   1.475     1.8   0.206    9999   0.304   0.286   0.079    9999
39562.44   1.595   4.081    0.29    9999   0.358   0.924    0.15    9999
39562.46   1.503   1.869    0.16    9999   0.522   0.299   0.129    9999
39562.48   2.123   4.079   0.232    9999   0.692   0.803    0.08    9999
 39562.5   2.322   2.184    0.26    9999   0.661   0.382   0.116    9999
39562.52    1.09   0.228   0.119    9999   0.443   0.178   0.119    9999
39562.54   0.757    9999    9999    9999   0.375    9999    9999    9999
