archive/other_tools/pete_isoprene/lanc-ptr-ms_bukit-atur_20080420.na
35 1001
Langford, Ben
Lancaster Environment Centre, Lancaster University, Lanncaster, LA1 4YQ; email b.langford1@lancaster.ac.uk
PTR-MS VMR and flux data (located at 75 m on GAW tower)
OP3
1 1
2008 04 20  2008 05 7
       0
time (days since 1900-01-01 00:00:00 UTC+ 8:00)
       8
1.  1.  1.  1.  1.  1.  1.  1.
9999.  9999.  9999.  9999.  9999.  9999.  9999.  9999.
Isoprene_volume_mixing_ratio (ppb)
Isoprene_flux (mg m h)
Isoprene_flux_precision (mg m h)
Rejected_isoprene_fluxes (mg m h)
Monoterpene_volume_mixing_ratio (ppb)
Monoterpene_flux (mg m h)
Monoterpene_precision (mg m h)
Rejected_monoterpene_fluxes (mg m h)
       8
The data recorded in this file represent 25 min averages of the variables measured.
Rejected values are when friction velocities were below 0.15 m\s
Please email Ben Langford (b.langford1@lancaster.ac.uk) prior to use.
site_name: Bukit Atur
country: Malaysia
longitude: 117.8441694
latitude: 4.98035
height_above_sea_level: 440 m
       5
 -------------------------------------------------------------------------------------------
This file uses the NASA Ames format developed in
S. E. Gaines and R. S. Hipskind, Format Specification for Data Exchange, Version 1.3, 1998.
 -------------------------------------------------------------------------------------------
t       ISO_VMR ISO_FLX ISO_ERR ISO_REJEMONO_VMRMONO_FLXMONO_ERRMONO_REJECT
[from data line 439]
39567.15   0.221  -0.062   0.051    9999    0.04   0.042   0.039    9999
39567.17   0.597    9999    9999    9999   0.057    9999    9999    9999
39567.19   0.417    9999    9999    9999   0.047    9999    9999    9999
39567.21   0.232    9999    9999    9999   0.205    9999    9999    9999
39567.23   0.237  -0.061   0.059    9999    0.19   0.083   0.061    9999
39567.25   0.474    9999    9999    9999  -0.036    9999    9999    9999
39567.27   0.501    9999    9999    9999  -0.038   0.053   0.051    9999
39567.29   0.461    9999    9999   0.049   0.146    9999    9999   -0.03
39567.31   0.174   -0.03   0.029    9999   0.138    9999    9999    9999
39567.33   0.391   0.029   0.024    9999    0.13    9999    9999    9999
39567.35   0.371    9999    9999    9999   0.128    0.06   0.047    9999
39567.38   0.492    0.05   0.047    9999   0.195  -0.045   0.038    9999
 39567.4   0.645   0.424   0.094    9999   0.247   0.242    0.04    9999
39567.42   1.285   2.625   0.085    9999   0.375   1.031   0.071    9999
39567.44   1.796    9999    9999  -0.233   0.474    9999    9999  -0.205
39567.46   1.818   1.579    0.16    9999   0.529   0.315    0.11    9999
39567.48   1.802   2.072   0.123    9999   0.483   0.439   0.076    9999
 39567.5   2.302    9999    9999   0.379   0.582    9999    9999   0.188
39567.52   1.504   0.799   0.111    9999   0.447   0.175   0.089    9999
39567.54   1.851    0.68   0.137    9999   0.552    0.33   0.049    9999
39567.56   1.391    9999    9999    9999   0.384    0.15    0.13    9999
39567.58   1.277   0.443   0.183    9999   0.314    0.12   0.107    9999
 39567.6   0.575    9999    9999    9999   0.212    9999    9999    9999
39567.63   0.524  -0.126   0.057    9999   0.211    9999    9999    9999
39567.65    0.48    9999    9999    9999   0.198    9999    9999    9999
39567.67   0.494    9999    9999    9999   0.126    9999    9999    9999
39567.69   0.604    9999    9999    9999   0.142    9999    9999    9999
39567.71   0.855   0.069   0.062    9999   0.155    9999    9999    9999
39567.73   0.934    9999    9999    9999   0.125    9999    9999    9999
39567.75   0.914    9999    9999    9999   0.241    9999    9999    9999
39567.77   0.738  -0.057   0.055    9999   0.202    9999    9999    9999
39567.79    1.19    9999    9999    9999   0.188    9999    9999    9999
39567.81   1.218   0.048   0.044    9999   0.174    9999    9999    9999
39567.83   1.158    9999    9999    9999     0.2    9999    9999    9999
39567.85   0.808  -0.122   0.087    9999   0.178    9999    9999    9999
39567.88   0.996    9999    9999    9999   0.223    9999    9999    9999
 39567.9   0.737    9999    9999   0.065   0.205    9999    9999  -0.052
39567.92   0.862   0.048   0.035    9999    0.09    9999    9999    9999
39567.94   0.652  -0.024   0.017    9999   0.086   0.037   0.019    9999
39567.96   0.643   0.104   0.055    9999   0.182  -0.109   0.026    9999
39567.98   0.482  -0.051   0.039    9999   0.164   0.077   0.035    9999
   39568    0.61    9999    9999  -0.018   0.232    9999    9999   0.023
39568.02   0.688    9999    9999  -0.038   0.216    9999    9999  -0.028
39568.04   0.665    9999    9999    9999    0.07   0.022   0.008    9999
39568.06   0.677   0.019   0.012    9999   0.061  -0.023   0.006    9999
39568.08   0.621  -0.012   0.006    9999   0.216  -0.027   0.004    9999
 39568.1   0.613    9999    9999  -0.012   0.173    9999    9999   0.003
39568.13   0.622    9999    9999   0.013   0.102    9999    9999   0.015
39568.15   0.462    9999    9999    9999   0.084    9999    9999    9999
39568.17   0.585    9999    9999  -0.049   0.213    9999    9999   0.058
39568.19   0.536    9999    9999   -0.04   0.188    9999    9999   0.034
39568.21   0.715   0.015   0.014    9999   0.128    9999    9999    9999
39568.23   0.714    9999    9999  -0.055   0.112    9999    9999  -0.013
39568.25    0.53   0.029   0.024    9999   0.218    9999    9999    9999
39568.27   0.426  -0.009   0.006    9999   0.175    9999    9999    9999
39568.29   0.841    9999    9999   -0.07   0.185    9999    9999   0.047
39568.31   1.546    9999    9999    9999   0.306   0.085    0.03    9999
39568.33   1.816   0.192   0.082    9999   0.471   0.157   0.046    9999
39568.35   1.625   0.707   0.207    9999   0.411   0.242   0.068    9999
39568.38    1.13   0.731   0.174    9999   0.372   0.189   0.079    9999
 39568.4   1.163   0.939   0.146    9999   0.336   0.099   0.077    9999
39568.42   1.325   0.799   0.103    9999   0.454    9999    9999    9999
39568.44   1.272   0.662    0.17    9999   0.481   0.075   0.072    9999
39568.46   2.322   1.497   0.152    9999   0.663   0.311   0.071    9999
39568.48   1.955    1.37   0.179    9999   0.589    0.41   0.059    9999
 39568.5   1.817   0.379    0.06    9999   0.503    9999    9999    9999
39568.52   1.263   0.098   0.088    9999   0.222    9999    9999    9999
39568.54    0.93    9999    9999    9999   0.308  -0.146   0.132    9999
39568.56   0.565   0.035   0.022    9999   0.257    9999    9999    9999
39568.58   0.493  -0.112   0.056    9999   0.187    9999    9999    9999
 39568.6   0.414    9999    9999    9999   0.165    9999    9999    9999
39568.63   0.415    9999    9999    9999    0.18    9999    9999    9999
39568.65   0.358    9999    9999    9999   0.151   0.041   0.027    9999
39568.67   1.454   0.638   0.174    9999     0.3   0.145   0.065    9999
39568.69   1.561   0.296   0.128    9999   0.282   0.113   0.077    9999
39568.71   1.282   0.287   0.155    9999    0.28    9999    9999    9999
39568.73   0.752    9999    9999    9999   0.241    9999    9999    9999
39568.75    0.88    9999    9999    9999   0.127    9999    9999    9999
39568.77   0.683    9999    9999    9999   0.112    9999    9999    9999
39568.79   0.564    9999    9999    9999   0.184    9999    9999    9999
39568.81   0.519   0.042   0.034    9999   0.165    9999    9999    9999
39568.83   0.537    9999    9999    9999   0.174    9999    9999    9999
39568.85   0.618  -0.091    0.05    9999   0.159    9999    9999    9999
39568.88   0.549   0.226   0.037    9999   0.239  -0.049    0.03    9999
 39568.9   0.282    -0.1   0.031    9999   0.222  -0.046   0.034    9999
39568.92   0.386    9999    9999    9999   0.147    9999    9999    9999
39568.94   0.332   0.047   0.026    9999   0.086  -0.023   0.016    9999
39568.96   0.542    9999    9999    9999   0.148    9999    9999    9999
39568.98   0.459    9999    9999    9999   0.119   0.058    0.05    9999
   39569   0.395    9999    9999  -0.134   0.265    9999    9999  -0.097
39569.02   0.327    9999    9999    9999   0.253    9999    9999    9999
39569.04   0.305   0.062   0.026    9999   0.157    9999    9999    9999
39569.06   0.284    9999    9999  -0.041   0.142    9999    9999  -0.037
39569.08   0.321   -0.05   0.028    9999   0.172    9999    9999    9999
 39569.1   0.274    9999    9999    9999   0.156    9999    9999    9999
39569.13   0.458  -0.027   0.025    9999    0.24    9999    9999    9999
39569.15   0.391    9999    9999    9999   0.242    9999    9999    9999
39569.17   0.388   0.051   0.036    9999   0.217    9999    9999    9999
39569.19   0.315    9999    9999   0.085   0.203    9999    9999  -0.107
39569.21   0.143    9999    9999    9999   0.186    9999    9999    9999
39569.23   0.173    9999    9999    9999    0.19    9999    9999    9999
39569.25   0.338    9999    9999    9999   0.111    9999    9999    9999
39569.27   0.268    9999    9999    9999   0.103    9999    9999    9999
39569.29   0.365    9999    9999    9999    0.18    9999    9999    9999
39569.31   0.321    9999    9999    9999    0.15    9999    9999    9999
39569.33   0.375   0.456   0.096    9999   0.167    0.16   0.049    9999
39569.35   0.383   0.245   0.067    9999   0.173    9999    9999    9999
39569.38   0.897   0.407   0.115    9999   0.266   0.269   0.043    9999
 39569.4   0.827   0.373    0.06    9999   0.254   0.135   0.041    9999
39569.42   1.082   0.609   0.095    9999   0.333    0.32   0.049    9999
39569.44   1.163   1.892   0.108    9999   0.409   0.475   0.097    9999
39569.46   1.046   1.072   0.138    9999   0.292   0.306   0.058    9999
39569.48   1.139   0.449   0.082    9999   0.297   0.131   0.038    9999
 39569.5   0.926   0.404   0.081    9999   0.176   0.063   0.042    9999
39569.52    1.37   0.836   0.099    9999   0.285   0.173   0.038    9999
39569.54   1.283   0.683   0.141    9999   0.272   0.209   0.092    9999
39569.56   1.414   0.512   0.077    9999   0.298   0.173   0.044    9999
39569.58   2.152   1.639   0.183    9999   0.567    0.77   0.143    9999
 39569.6   1.741   1.345   0.212    9999   0.465   0.381   0.071    9999
39569.63   1.647    9999    9999    9999   0.449  -0.227   0.074    9999
39569.65   2.047   1.681   0.096    9999   0.456   0.168   0.043    9999
39569.67   1.768   0.646   0.091    9999   0.419    0.25   0.052    9999
39569.69   0.978   1.762   0.188    9999   0.239   0.882   0.087    9999
39569.71   1.258   0.357   0.036    9999   0.118   0.094   0.033    9999
39569.73    2.21   0.196   0.169    9999   0.143    9999    9999    9999
39569.75   1.747    9999    9999    9999   0.214  -0.089   0.044    9999
39569.77   1.328    9999    9999    9999   0.173    9999    9999    9999
39569.79   1.016    9999    9999    9999   0.228    9999    9999    9999
39569.81   0.634    9999    9999    9999   0.188    9999    9999    9999
39569.83   1.027    9999    9999    9999   0.122   0.218    0.17    9999
39569.85   1.016    9999    9999    9999   0.072    9999    9999    9999
39569.88   0.807   0.076   0.059    9999    0.21    9999    9999    9999
 39569.9   0.688    9999    9999    9999   0.174    9999    9999    9999
39569.92   0.745   0.051   0.028    9999   0.171    9999    9999    9999
39569.94   0.818    9999    9999   0.065   0.175    9999    9999   0.065
39569.96    1.14    9999    9999    9999   0.092    9999    9999    9999
39569.98   1.654    0.03   0.027    9999   0.088  -0.029   0.024    9999
   39570   1.679    9999    9999    9999   0.162   0.024   0.016    9999
39570.02   1.488  -0.027   0.012    9999   0.152   0.012   0.007    9999
39570.04   1.411   -0.06   0.028    9999   0.179    9999    9999    9999
39570.06   1.072    9999    9999    9999   0.174    9999    9999    9999
39570.08   1.038    9999    9999  -0.172   0.083    9999    9999  -0.078
 39570.1   1.109    9999    9999   0.109   0.077    9999    9999   0.049
39570.13   1.245  -0.072   0.059    9999   0.033    9999    9999    9999
39570.15   1.113    9999    9999    9999   0.037    9999    9999    9999
39570.17   1.255  -0.086   0.032    9999    0.37  -0.028   0.018    9999
39570.19    0.95    9999    9999    9999     0.3   -0.04   0.027    9999
39570.21   1.164    9999    9999    9999   0.225    9999    9999    9999
39570.23   0.846    9999    9999    9999   0.189  -0.047   0.031    9999
39570.25   0.725    9999    9999    9999   0.108    9999    9999    9999
39570.27   0.675    9999    9999    9999    0.09    9999    9999    9999
39570.29    0.88    9999    9999    9999   0.234    9999    9999    9999
39570.31   1.995   -0.28   0.134    9999   0.456  -0.055   0.047    9999
39570.33   2.008  -0.221    0.07    9999    0.59    9999    9999    9999
39570.35   1.294   0.508   0.054    9999   0.448   0.141    0.03    9999
39570.38   0.655   0.237   0.052    9999   0.276   0.112   0.034    9999
 39570.4   1.045   1.032   0.058    9999   0.406   0.536   0.037    9999
39570.42   1.479   0.198   0.061    9999   0.383   0.115   0.053    9999
39570.44   1.126   1.157   0.077    9999   0.293   0.495   0.069    9999
39570.46   1.843   1.561   0.118    9999   0.624   0.119   0.093    9999
39570.48    2.47    3.18   0.198    9999   0.639   0.759   0.144    9999
 39570.5   2.153   1.347   0.143    9999   0.582   0.198   0.104    9999
39570.52   2.154    9999    9999   0.669    0.53    9999    9999   0.287
39570.54   2.125   1.574   0.197    9999   0.514   0.299   0.051    9999
39570.56   2.171   2.063   0.238    9999   0.493   0.427   0.066    9999
39570.58   2.621   2.031   0.282    9999   0.468   0.352   0.066    9999
 39570.6   1.395    9999    9999    9999   0.366  -0.218   0.143    9999
39570.63   1.032    9999    9999    9999   0.117   0.167   0.122    9999
39570.65   0.683    9999    9999    9999   0.108    9999    9999    9999
39570.67   1.145  -0.096   0.021    9999   0.126  -0.059   0.011    9999
39570.69   0.993    9999    9999    9999   0.113    9999    9999    9999
39570.71   1.556    9999    9999    9999    0.29    9999    9999    9999
39570.73   1.564    9999    9999  -0.191   0.288    9999    9999   0.095
39570.75   1.328    9999    9999    9999   0.188    9999    9999    9999
39570.77   1.469    9999    9999    9999   0.185    9999    9999    9999
39570.79   1.416    9999    9999    9999   0.188    9999    9999    9999
39570.81   1.483   0.112   0.095    9999   0.177    9999    9999    9999
39570.83    1.26    9999    9999    9999   0.185    0.05   0.048    9999
39570.85    1.05    0.13   0.071    9999   0.185  -0.033   0.029    9999
39570.88    1.45    9999    9999    9999   0.235    9999    9999    9999
 39570.9   1.503   -0.17   0.131    9999   0.206  -0.067   0.066    9999
39570.92   1.275  -0.098   0.078    9999   0.074    9999    9999    9999
39570.94   1.163   0.141   0.115    9999   0.045    9999    9999    9999
39570.96   1.106    9999    9999    9999   0.233   0.053   0.045    9999
39570.98   0.587  -0.102   0.077    9999   0.201   0.137   0.076    9999
   39571   0.527    9999    9999    9999   0.164    9999    9999    9999
39571.02   0.492    9999    9999    9999   0.166  -0.078   0.055    9999
39571.04   0.301   -0.07   0.067    9999   0.153    9999    9999    9999
39571.06   0.277    9999    9999    9999   0.148    9999    9999    9999
39571.08   0.198    9999    9999    9999   0.117  -0.037   0.034    9999
 39571.1   0.171    9999    9999    9999   0.115    9999    9999    9999
39571.13   0.484    9999    9999    9999   0.163   0.027   0.022    9999
39571.15   0.422   -0.04   0.033    9999   0.148    9999    9999    9999
39571.17   0.405    9999    9999    9999   0.186    9999    9999    9999
39571.19     0.4    9999    9999    9999   0.171    9999    9999    9999
39571.21   0.264    9999    9999    9999   0.144    9999    9999    9999
39571.23    0.23    9999    9999   0.103   0.121    9999    9999   0.088
39571.25   0.451    9999    9999    9999   0.049    9999    9999    9999
39571.27   0.402    9999    9999    9999   0.043    9999    9999    9999
39571.29   0.365    9999    9999    9999   0.106    9999    9999    9999
39571.31   0.357   0.089   0.054    9999    0.11    9999    9999    9999
39571.33   0.306    9999    9999    9999   0.175    9999    9999    9999
39571.35   0.316   0.111    0.08    9999   0.168    9999    9999    9999
39571.38   0.207    9999    9999    9999   0.081    9999    9999    9999
 39571.4   0.177    9999    9999    9999   0.062    9999    9999    9999
39571.42   0.425   0.069   0.035    9999   0.128    9999    9999    9999
39571.44    1.22   2.298   0.134    9999   0.299   0.672   0.086    9999
39571.46    1.32    9999    9999    9999    0.38  -0.111   0.061    9999
39571.48    1.46   0.282   0.067    9999   0.467    9999    9999    9999
 39571.5   1.358   0.489   0.073    9999   0.491   0.214   0.044    9999
39571.52   1.801   1.416   0.162    9999   0.518    0.23   0.062    9999
39571.54   2.326   1.016   0.174    9999   0.436   0.213   0.053    9999
39571.56   2.244   1.783   0.143    9999   0.405    0.44   0.076    9999
39571.58   2.051   0.248   0.143    9999    0.22    9999    9999    9999
 39571.6   1.988   0.236   0.129    9999   0.186   0.056   0.044    9999
39571.63   1.798   0.218   0.108    9999   0.239   0.129   0.039    9999
39571.65    1.72    9999    9999   0.268   0.219    9999    9999   0.084
39571.67   1.388    9999    9999  -0.095   0.265    9999    9999  -0.049
